0.434 0.372
2.645 0.278
4.136 0.256
0.670 0.258
2.823 0.420
3.191 0.196
1.878 1.461
3.066 3.350
0.689 1.519
0.387 1.974
0.476 0.460
3.403 3.062
0.743 2.088
0.542 2.048
2.138 0.408
4.313 0.234
2.765 0.922
4.050 0.541
0.897 0.599
0.297 4.022
1.569 0.204
3.672 0.337
1.021 2.354
0.214 2.168
1.826 0.773
0.597 2.834
0.285 2.834
1.672 3.566
0.620 1.449
0.484 2.369
3.658 0.255
3.438 0.321
2.184 1.836
1.593 2.748
2.576 1.459
2.384 1.265
3.432 4.006
0.216 0.275
0.189 3.467
0.221 3.024
4.121 3.250
0.457 2.917
0.574 3.266
1.888 1.272
1.761 2.762
1.497 0.562
3.471 0.339
3.175 0.507
2.582 0.505
3.032 0.946
1.279 2.856
0.783 0.309
2.908 0.235
0.210 1.499
0.736 0.765
0.489 3.432
0.261 1.150
0.251 2.572
0.577 2.525
1.926 2.386
2.130 0.359
1.901 1.770
2.805 0.455
1.498 1.774
2.092 1.310
1.980 0.816
0.443 2.650
3.564 2.973
0.453 1.787
1.448 2.551
3.031 1.607
0.222 0.560
2.372 1.630
0.671 2.208
3.131 0.491
1.896 0.952
0.573 1.917
4.207 4.595
3.852 2.588
2.075 0.180
2.043 2.048
0.548 2.286
0.231 2.431
1.274 2.010
0.648 0.253
3.977 2.489
0.257 2.196
2.580 0.308
2.214 0.618
0.511 2.799
0.365 3.034
1.165 0.773
1.989 2.115
2.510 0.263
2.227 2.865
1.440 1.804
0.640 0.318
0.992 2.990
0.303 2.356
0.743 1.988
0.305 2.774
0.710 3.068
1.270 2.231
2.862 1.477
4.139 0.430
0.524 0.539
2.734 1.125
2.460 0.353
2.620 2.025
0.945 1.862
1.844 3.361
0.234 0.642
1.795 3.587
0.236 1.533
0.467 3.249
0.218 0.314
0.496 1.912
0.731 3.744
3.781 0.620
3.079 0.203
1.043 0.938
2.974 0.224
1.525 1.346
1.970 1.822
2.700 0.767
2.897 3.145
2.075 1.969
1.040 1.394
0.480 2.592
2.935 0.565
0.720 1.914
3.053 0.384
4.121 0.268
2.366 0.889
3.116 0.204
1.767 0.514
3.389 0.288
1.879 1.695
0.599 0.253
1.834 1.162
2.153 0.251
2.270 3.286
0.376 2.531
0.550 3.970
0.350 1.673
0.379 3.750
1.754 2.041
1.256 0.610
3.497 0.519
2.987 4.768
4.143 0.257
1.961 0.696
2.200 1.685
0.423 1.000
0.467 3.337
4.261 3.365
2.123 2.543
0.674 3.083
0.380 3.358
0.988 2.536
3.123 0.307
2.182 0.314
2.248 0.788
2.571 0.235
0.485 2.107
1.591 1.635
2.516 1.632
3.509 3.197
0.234 3.951
0.278 1.524
0.383 3.073
0.860 3.010
4.068 2.566
0.303 1.867
2.312 0.394
3.336 0.238
2.072 0.364
3.822 4.200
4.009 0.238
1.709 2.411
0.597 0.500
0.180 2.926
0.211 2.163
0.219 2.102
0.897 2.270
0.202 2.028
0.636 1.843
2.475 0.234
4.002 4.383
1.824 0.557
0.383 2.876
0.196 0.473
0.273 0.481
1.439 1.155
2.501 2.600
0.771 2.379
0.319 0.233
3.807 1.447
0.241 2.651
0.182 2.796
0.432 2.648
1.197 2.456
2.388 0.756
2.136 2.169
1.548 0.812
3.258 0.769
1.711 0.318
2.330 1.111
1.793 0.680
3.256 2.805
0.942 2.536
2.110 0.705
1.607 1.027
0.987 2.732
1.017 0.235
0.240 1.919
0.492 2.132
1.911 0.685
3.452 0.618
1.815 1.765
1.137 1.144
2.959 3.536
0.291 0.182
0.361 2.557
1.414 2.433
0.649 3.253
0.699 3.718
0.619 1.260
0.397 3.468
0.293 1.845
0.599 0.456
3.069 2.486
0.792 3.261
1.535 0.530
2.171 0.289
2.199 1.529
1.042 2.198
2.249 0.554
1.625 2.759
1.853 3.921
0.330 1.648
2.033 1.675
0.350 2.817
0.642 3.329
1.416 2.354
0.365 1.756
2.028 0.668
1.333 2.619
2.115 4.130
2.204 0.288
3.575 0.223
0.397 0.488
3.876 1.804
1.221 2.730
0.230 1.275
0.973 1.819
3.843 0.296
0.216 1.024
2.511 0.805
2.748 3.146
1.675 1.630
0.398 1.869
2.881 0.972
2.514 0.824
3.761 1.288
1.697 0.235
1.868 0.706
2.475 2.928
0.672 3.472
2.078 5.331
1.201 2.619
0.349 3.385
0.662 1.009
2.007 0.515
2.302 0.720
3.663 0.255
2.287 0.350
1.916 0.876
0.754 2.003
3.353 0.274
0.544 0.550
2.122 3.443
0.607 0.909
0.495 2.331
0.967 2.136
0.592 2.732
0.909 3.151
0.279 2.584
2.012 0.319
0.212 0.605
3.348 0.237
1.000 0.264
2.393 1.280
1.702 1.880
1.313 2.284
2.681 0.574
3.453 3.409
0.384 3.152
0.257 8.710
0.218 1.597
