0.064347 0.050515 0.050688 -0.115979
0.065340 0.050768 0.050137 -0.116710
0.064601 0.051164 0.050442 -0.116031
0.064459 0.050835 0.050181 -0.116620
0.064847 0.050537 0.050338 -0.117172
0.064452 0.051417 0.050219 -0.117284
0.064914 0.050007 0.050353 -0.117687
0.064586 0.051037 0.049689 -0.117560
0.064840 0.051216 0.050002 -0.117396
0.064817 0.050671 0.049473 -0.118202
0.064400 0.050865 0.051240 -0.118537
0.064780 0.050544 0.050793 -0.118493
0.065041 0.050813 0.050383 -0.118433
0.064012 0.050626 0.051248 -0.118634
0.064332 0.050738 0.049816 -0.118940
0.064780 0.050522 0.050301 -0.119089
0.064362 0.051104 0.049950 -0.119164
0.065078 0.050201 0.049943 -0.119641
0.064206 0.050276 0.050472 -0.119641
0.064235 0.050865 0.050122 -0.119798
0.065414 0.051492 0.050353 -0.120358
0.064638 0.051261 0.050062 -0.119955
0.064929 0.051537 0.050584 -0.120589
0.064467 0.051022 0.050450 -0.120872
0.064347 0.051253 0.050994 -0.120619
0.064884 0.051007 0.050077 -0.120671
0.064541 0.050925 0.050137 -0.121342
0.064594 0.051186 0.050144 -0.121745
0.064571 0.050664 0.049980 -0.121022
0.064594 0.050619 0.050629 -0.122155
0.064810 0.050843 0.050614 -0.121812
0.064870 0.050888 0.050703 -0.122305
0.064705 0.051291 0.051046 -0.121962
0.064526 0.051529 0.050666 -0.122267
0.064444 0.050619 0.049786 -0.122737
0.064959 0.051179 0.050562 -0.122678
0.064392 0.050791 0.049816 -0.122984
0.064362 0.050701 0.049972 -0.123267
0.065295 0.051000 0.050629 -0.123342
0.064840 0.050462 0.050457 -0.123521
0.064429 0.050977 0.050562 -0.123252
0.064407 0.050835 0.049838 -0.124207
0.064579 0.051141 0.050323 -0.124476
0.064526 0.050291 0.050472 -0.124476
0.064549 0.050492 0.049711 -0.124834
0.065481 0.050030 0.050129 -0.124334
0.064840 0.051425 0.049928 -0.125371
0.065451 0.050127 0.050211 -0.124759
0.065228 0.051365 0.050539 -0.124983
0.065354 0.050716 0.050949 -0.125490
0.064534 0.050835 0.050323 -0.125692
0.064288 0.050992 0.049764 -0.125498
0.064168 0.050888 0.050398 -0.126020
0.064758 0.050567 0.050144 -0.126012
0.065116 0.050253 0.050233 -0.126065
0.065131 0.050813 0.050166 -0.126356
0.065019 0.051052 0.050539 -0.126699
0.064989 0.051171 0.050129 -0.126467
0.064131 0.051238 0.050099 -0.126945
0.064952 0.051268 0.050770 -0.127206
0.065243 0.050686 0.050457 -0.127639
0.064332 0.050597 0.050017 -0.127415
0.064549 0.050626 0.049853 -0.127840
0.064564 0.050888 0.050987 -0.128250
0.065161 0.051544 0.050099 -0.128109
0.064392 0.051746 0.050077 -0.128183
0.065362 0.050932 0.050398 -0.128750
0.064676 0.052007 0.050181 -0.128482
0.063758 0.051365 0.049816 -0.128937
0.065026 0.051858 0.050785 -0.128981
0.064586 0.051216 0.050040 -0.129205
0.065444 0.051201 0.050129 -0.128914
0.065257 0.050985 0.049875 -0.129541
0.064817 0.050820 0.050390 -0.129653
0.064183 0.051089 0.049980 -0.129892
0.064661 0.051828 0.050823 -0.130197
0.065064 0.051022 0.050681 -0.129862
0.065011 0.051843 0.050330 -0.130339
0.064795 0.050895 0.050577 -0.130160
0.065071 0.051029 0.050241 -0.130660
0.064899 0.051447 0.050748 -0.131130
0.064631 0.050783 0.050748 -0.131264
0.064429 0.050820 0.049808 -0.131234
0.064713 0.051365 0.051330 -0.131234
0.064922 0.051425 0.049637 -0.131249
0.064407 0.050873 0.050793 -0.132085
0.064720 0.051343 0.050338 -0.132368
0.065123 0.051268 0.050241 -0.132301
0.065272 0.051216 0.050621 -0.132346
0.065213 0.050925 0.049838 -0.132428
0.064870 0.050373 0.050375 -0.132667
0.064370 0.050283 0.049771 -0.132928
0.064601 0.050746 0.050517 -0.133368
0.065377 0.050671 0.050554 -0.133301
0.065481 0.050492 0.050233 -0.133525
0.064743 0.050664 0.050651 -0.133592
0.065287 0.051365 0.051009 -0.133778
0.064847 0.051373 0.050666 -0.134114
0.064467 0.051619 0.050838 -0.134308
0.064571 0.050694 0.050316 -0.134054
0.065705 0.050544 0.050554 -0.134435
