6.661285546
7.051279075
7.442024391
7.830808462
8.223653831
8.612782933
9.004909226
9.395705173
9.786668373
10.176639146
10.567019804
10.957805511
11.348806826
11.741581368
12.130011591
12.520529351
12.909430044
13.301060266
13.691994453
14.083300124
14.471847537
14.862276835
15.254153955
15.644439608
16.036812231
16.425597155
16.81861632
17.206063786
17.598986808
17.988617386
18.380128995
18.769754453
19.161731128
19.550436693
19.942748444
20.331719964
20.723088213
21.112779093
21.504333937
21.894904888
22.28547328
22.677263928
23.067345066
23.457913457
23.84682496
24.240325973
24.628242204
25.020167964
25.410582755
25.801665137
26.191411484
26.582078577
26.973185706
27.363463395
27.754463573
28.144974222
28.536099271
28.927007857
29.316980337
29.706215253
30.097621902
30.488014506
30.879056782
31.269083591
31.661245155
32.052171946
32.440869546
32.829998648
33.22324224
33.6141696
34.002328177
34.393832106
34.784742115
35.176502613
35.567627377
35.955927324
36.347927608
36.738821973
37.127589831
37.517965653
37.909962524
38.30183168
38.693414115
39.083139982
39.472519964
39.865114737
40.254079146
40.644030577
41.03602688
41.4244736
41.815596657
42.207886222
42.597504
42.988529208
43.379911964
43.770515057
44.160775111
44.552978488
44.941961102
45.331874133
5.501696284
5.891685831
6.284046506
6.675454862
7.067106986
7.454797937
7.845408142
8.235605902
8.628699875
9.034205297
