82.328913066
82.358359893
82.359806577
82.361260942
82.362444515
82.363717688
82.364833848
82.365881457
82.367202986
82.368552675
82.369742791
82.37104128
82.37225216
82.373455075
82.374660551
82.37643264
82.37762048
82.378799786
82.379971413
82.381083875
82.382280248
82.38358272
82.384762595
82.386020977
82.38728192
82.38839808
82.389587626
82.392330808
82.395163306
82.397860693
82.400369777
82.402842737
82.405238044
82.408018488
82.410750862
82.413431466
82.41613568
82.418672071
82.420983182
82.42322688
82.425514097
82.42793216
82.430266311
82.432576853
82.435009422
82.437328497
82.43959552
82.442369991
82.444747946
82.447090062
82.449435875
82.451739306
82.453961955
82.456214755
82.458458737
82.461059128
82.463315911
82.465563022
82.467826915
82.470058097
82.472389688
82.474659555
82.477114311
82.479489137
82.481822435
82.484191857
82.486431857
82.488649955
82.490977564
82.493260515
82.495573048
82.497836088
82.500369635
82.502597688
82.504845937
82.50708736
82.509333333
82.511799466
82.514159502
82.516393244
82.51866112
82.520877226
82.523244373
82.525535288
82.527925191
82.530133048
82.532345173
82.53459712
82.536822897
82.539060053
82.541368888
82.543659235
82.546042026
82.548283164
82.550721137
82.552987875
82.555285048
82.557554915
82.559856071
82.562277262
82.564563626
82.567106844
82.569435022
82.571759786
82.574030222
82.576332515
82.578630257
82.580858311
82.583061333
82.585491342
82.587710293
82.589918435
82.592156728
82.594617742
82.596993706
82.599220622
82.601577244
82.603847395
82.606128924
82.60836864
82.611359857
82.614132053
82.617190684
82.619673315
82.622158222
82.624446008
82.626799502
82.629195946
82.631542613
82.634065351
82.636311893
82.638519466
82.640728746
82.643037013
82.64541184
82.647858915
82.650511075
82.652803982
82.655031751
82.65727232
82.659600213
82.661940337
82.66424832
82.666459591
82.66884352
82.671059057
82.673254684
82.675546168
82.677894542
82.680161848
82.682369137
82.684626488
82.68683776
82.689130382
82.691335111
82.693585351
82.695942826
82.698166897
82.700493937
82.702723128
82.705017457
82.707278222
82.709517084
82.711926044
82.714158648
82.716386702
82.718660551
82.721015751
82.723633777
82.725833102
82.728167537
82.7304448
82.732654933
82.734919964
82.737117013
82.739301262
82.741621475
82.744062577
82.746274133
82.748459235
82.750705208
82.752954026
82.755188053
82.757486364
82.760080497
82.762502257
82.764976355
82.767236835
82.769436728
82.771867875
82.774130346
82.776337066
82.778728675
82.781039786
82.783286897
82.785689031
82.787866168
82.790023395
82.792253155
82.794552888
82.796771555
82.79894784
82.801229653
82.80354304
82.80575232
82.80806656
82.810301155
82.812573582
82.814776888
82.817283697
82.819507484
82.82180096
82.824085333
82.826427448
82.828747377
82.831074702
82.83335424
82.8357248
82.837938915
82.840148195
82.842531271
82.844812231
82.8470784
82.849278293
82.851539057
82.853715626
82.855916373
82.858154382
82.860370773
82.862636657
82.86482688
82.867380337
82.869669262
82.872098133
82.874440248
82.876784071
82.879086933
82.881389226
82.88399872
82.886233884
82.888415573
82.890734364
82.893029262
82.895301973
82.8975232
82.899721671
82.901952284
82.904112355
82.906360888
82.908588088
82.9109888
82.913234773
82.915493262
82.917756871
82.919945955
82.922235448
82.924409173
82.926698666
82.929125262
82.931310364
82.933487217
82.935771306
82.937939626
82.940137813
82.942344533
82.944749795
82.946990364
82.949262222
82.951486862
82.953727431
82.95591424
82.958181546
82.960410168
82.962782151
82.965036088
82.967443626
82.969659733
82.971865884
82.974140017
82.976365511
82.978750293
82.981002808
82.983231715
82.985547093
82.987831751
82.990027377
82.992227271
82.994554026
82.996749937
82.998925653
83.001343146
83.003560675
83.005758008
83.00797696
83.010284088
83.012578986
83.014770346
83.016948622
83.019220195
83.021497742
83.024095288
83.026433137
83.028936817
83.031169137
83.03356928
83.03592192
83.038194062
83.040408177
83.042730382
83.045215573
83.047459555
83.04967424
83.051933866
83.054188088
83.056402204
83.058662684
83.061063111
83.063464675
83.065796266
83.068075235
83.07034368
83.072599324
83.074803768
83.077094968
83.079421724
83.081654613
83.084316728
83.086551608
83.088776817
83.090988942
83.093272746
83.095659804
83.097949013
83.100197262
83.102592284
83.104865848
83.107085937
83.109320533
83.111905564
83.11424768
83.116547982
83.11885824
83.121091982
83.123306097
83.125577671
83.128057457
83.13048064
83.132739697
83.134977422
83.137265493
83.139497813
83.141717048
83.143994595
83.146445937
83.148685937
83.150921955
83.153144604
83.155521422
83.157903075
83.160226702
83.162555164
83.164788337
83.167003875
83.169269191
83.171508337
83.173788444
83.176181191
83.178649315
83.180966968
83.183233706
83.185673671
83.187976248
83.190404551
83.192669866
83.195051235
83.197356373
83.199678293
83.201910613
83.204142933
83.206549048
83.208979057
83.21153792
83.213877475
83.216123164
83.218351502
83.2205824
83.222904604
83.225130382
83.227394275
83.229663857
83.232387697
83.234672924
83.236979768
83.239202702
83.241455502
83.243685831
83.246045582
83.248423822
83.251081955
83.253362346
83.255589262
83.25788928
83.260231964
83.262544213
83.264775111
83.267029333
83.269290382
83.271520142
83.273751608
83.275992462
83.278346524
83.28057856
83.28287232
83.28519936
83.287528675
83.289800248
83.292028871
83.294355057
83.296855324
83.299209386
83.301523911
83.303835875
83.306092657
83.308349155
83.310648604
83.312986453
83.315415608
83.317736391
83.320000284
83.322245688
83.324507591
83.326755271
83.329058133
83.331272248
83.333743786
83.336170951
83.338410951
83.340708408
83.342947271
83.345321244
83.347610453
83.349906488
83.35216896
83.354367715
83.3566336
83.358828373
83.36129536
83.363714275
83.366001208
83.368242631
83.370484622
83.372683662
83.374903466
83.377198933
83.379611022
83.381918435
83.384661617
83.38694144
83.389325368
83.391754524
83.394382506
83.396863715
83.399323306
83.401941048
83.404224853
83.406473386
83.408787626
83.411213653
83.413581937
83.416027306
83.418477226
83.42073344
83.422934755
83.425230222
83.42745088
83.429809777
83.432039253
83.434439964
83.436781511
83.439071573
83.4413568
83.443664213
83.44597248
83.448251733
83.450488604
83.452891875
83.455191893
83.457404302
83.459643733
83.461960248
83.464192568
83.466509084
83.468888462
83.471153208
83.473470293
83.475713991
83.47804672
83.480326542
83.482554595
83.484828728
83.48709376
83.489312711
83.491537066
83.493756017
83.496124302
83.498417493
83.500655786
83.502992497
83.505193244
83.507423004
83.509633706
83.511957902
83.514168035
83.516402631
83.518768071
83.521008924
83.523227022
83.525498595
83.527940266
83.530320213
83.532671431
83.534981404
83.537281706
83.539618133
83.541825137
83.544101262
83.546472106
83.548729742
83.551481457
83.553846897
83.556143217
83.558485333
83.560766577
83.563124053
83.565377706
83.568198542
83.570435982
83.572676835
83.574936177
83.577233351
83.57956864
83.581766826
83.583976675
83.58618624
83.588509013
83.590753848
83.5930368
83.595454862
83.597789013
83.600065991
83.602372835
83.60462848
83.606944142
83.609206044
83.612913208
83.615379342
83.617977457
83.620248177
83.62250752
83.625075484
83.627370097
83.629655608
83.631921493
83.634153528
83.636437333
83.63867392
83.640899697
83.643264
83.645594737
83.647852373
83.650110293
83.652320711
83.654527715
83.656696035
83.659013404
83.661236337
83.66348288
83.665688462
83.668019768
83.670254933
83.67242496
83.674585884
83.676855751
83.67920128
83.681432462
83.683606755
83.686057813
83.688361528
83.690668942
83.692928853
83.695351751
