-0.002 10.998 -143.300 0.383 -0.044 -0.013
-0.002 10.998 -142.302 0.400 -0.040 -0.017
-0.002 10.998 -141.304 0.438 -0.018 -0.028
-0.002 10.998 -140.306 0.472 -0.015 -0.023
-0.002 10.998 -139.307 0.487 -0.025 -0.024
-0.002 10.998 -138.309 0.544 -0.036 -0.024
-0.002 10.998 -137.311 0.590 -0.023 -0.019
-0.002 10.998 -136.313 0.618 -0.028 -0.006
-0.002 10.998 -135.315 0.660 -0.034 -0.035
-0.002 10.998 -134.316 0.695 -0.011 -0.040
-0.002 10.998 -133.318 0.762 -0.016 -0.034
-0.002 10.998 -132.320 0.798 -0.006 -0.024
-0.002 10.998 -131.322 0.854 -0.019 -0.045
-0.002 10.998 -130.324 0.901 -0.009 -0.041
-0.002 10.998 -129.326 0.974 -0.026 -0.036
-0.002 10.998 -128.327 1.046 -0.004 -0.047
-0.002 10.998 -127.329 1.112 -0.005 -0.036
-0.002 10.998 -126.331 1.204 -0.038 -0.000
-0.002 10.998 -125.333 1.298 -0.037 -0.021
-0.002 10.998 -124.335 1.383 -0.011 -0.027
-0.002 10.998 -123.336 1.479 -0.048 -0.047
-0.002 10.998 -122.338 1.582 -0.046 -0.026
-0.002 10.998 -121.340 1.682 -0.025 -0.003
-0.002 10.998 -120.342 1.804 -0.033 -0.037
-0.002 10.998 -119.344 1.943 -0.036 -0.029
-0.002 10.998 -118.346 2.085 -0.043 -0.017
-0.002 10.998 -117.347 2.256 -0.046 0.000
-0.002 10.998 -116.349 2.424 -0.045 -0.008
-0.002 10.998 -115.351 2.618 -0.023 0.000
-0.002 10.998 -114.353 2.813 -0.030 0.009
-0.002 10.998 -113.355 3.024 -0.022 0.012
-0.002 10.998 -112.356 3.259 -0.025 0.005
-0.002 10.998 -111.358 3.523 -0.020 0.032
-0.002 10.998 -110.360 3.808 -0.028 0.015
-0.002 10.998 -109.362 4.122 -0.038 0.039
-0.002 10.998 -108.364 4.456 -0.022 0.033
-0.002 10.998 -107.366 4.790 -0.019 0.020
-0.002 10.998 -106.367 5.205 -0.024 0.048
-0.002 10.998 -105.369 5.662 -0.052 0.055
-0.002 10.998 -104.371 6.138 -0.057 0.052
-0.001 10.998 -103.373 6.662 -0.043 0.042
-0.001 10.998 -102.375 7.231 -0.043 0.060
-0.001 10.998 -101.376 7.871 -0.058 0.051
-0.001 10.998 -100.378 8.586 -0.062 0.073
-0.001 10.998 -99.380 9.376 -0.064 0.079
-0.001 10.998 -98.382 10.214 -0.066 0.082
-0.001 10.998 -97.384 11.126 -0.071 0.084
-0.001 10.998 -96.385 12.116 -0.083 0.093
-0.001 10.999 -95.387 13.187 -0.105 0.117
-0.001 10.999 -94.389 14.334 -0.108 0.109
-0.001 10.999 -93.391 15.538 -0.123 0.128
-0.001 10.999 -92.393 16.775 -0.119 0.130
-0.001 10.999 -91.395 18.050 -0.110 0.121
-0.001 10.999 -90.396 19.356 -0.115 0.101
-0.001 10.999 -89.398 20.593 -0.116 0.123
-0.001 10.999 -88.400 21.801 -0.117 0.128
-0.001 10.999 -87.402 22.905 -0.141 0.113
-0.001 10.999 -86.404 23.926 -0.146 0.107
-0.001 10.999 -85.405 24.787 -0.136 0.100
-0.001 10.999 -84.407 25.555 -0.156 0.076
-0.001 10.999 -83.409 26.189 -0.124 0.101
-0.001 10.999 -82.411 26.711 -0.133 0.078
-0.001 10.999 -81.413 27.143 -0.133 0.060
-0.001 10.999 -80.415 27.479 -0.149 0.049
-0.001 10.999 -79.416 27.723 -0.141 0.030
-0.001 10.999 -78.418 27.908 -0.146 0.024
-0.001 10.999 -77.420 28.086 -0.141 0.027
-0.001 10.999 -76.422 28.222 -0.158 0.036
-0.001 10.999 -75.424 28.307 -0.150 0.023
-0.001 10.999 -74.425 28.380 -0.167 0.012
-0.001 10.999 -73.427 28.434 -0.167 0.021
-0.001 10.999 -72.429 28.498 -0.163 0.020
-0.001 10.999 -71.431 28.524 -0.152 0.041
-0.001 10.999 -70.433 28.549 -0.167 0.039
-0.001 10.999 -69.435 28.568 -0.183 0.015
-0.001 10.999 -68.436 28.594 -0.174 0.015
-0.001 10.999 -67.438 28.595 -0.178 0.002
-0.001 10.999 -66.440 28.592 -0.193 0.007
-0.001 10.999 -65.442 28.603 -0.199 0.011
-0.001 10.999 -64.444 28.610 -0.183 0.027
-0.001 10.999 -63.445 28.625 -0.174 0.020
-0.001 10.999 -62.447 28.624 -0.176 0.029
-0.001 10.999 -61.449 28.634 -0.175 0.014
-0.001 10.999 -60.451 28.638 -0.173 0.040
-0.001 10.999 -59.453 28.643 -0.172 0.041
-0.001 10.999 -58.455 28.633 -0.198 0.035
-0.001 10.999 -57.456 28.636 -0.182 0.006
-0.001 10.999 -56.458 28.625 -0.164 0.010
-0.001 10.999 -55.460 28.624 -0.175 0.002
-0.001 10.999 -54.462 28.637 -0.186 0.009
-0.001 10.999 -53.464 28.643 -0.182 0.021
-0.001 10.999 -52.465 28.662 -0.173 0.013
-0.001 10.999 -51.467 28.657 -0.161 0.001
-0.001 10.999 -50.469 28.641 -0.181 0.016
-0.001 10.999 -49.471 28.643 -0.189 0.004
-0.001 10.999 -48.473 28.662 -0.180 -0.002
-0.001 10.999 -47.475 28.655 -0.160 0.012
-0.001 10.999 -46.476 28.647 -0.164 0.031
-0.001 10.999 -45.478 28.656 -0.163 0.016
-0.001 10.999 -44.480 28.669 -0.172 0.002
-0.001 10.999 -43.482 28.674 -0.167 0.021
-0.001 10.999 -42.484 28.678 -0.178 0.033
-0.001 10.999 -41.485 28.678 -0.173 0.041
-0.001 10.999 -40.487 28.682 -0.168 0.035
-0.001 10.999 -39.489 28.681 -0.161 0.024
-0.001 10.999 -38.491 28.670 -0.148 0.016
-0.001 10.999 -37.493 28.675 -0.156 0.051
-0.001 10.999 -36.494 28.687 -0.159 0.061
-0.001 10.999 -35.496 28.686 -0.174 0.046
-0.001 10.999 -34.498 28.708 -0.165 0.063
-0.001 10.999 -33.500 28.693 -0.151 0.053
-0.001 10.999 -32.502 28.698 -0.153 0.065
-0.001 10.999 -31.504 28.703 -0.152 0.035
-0.001 10.999 -30.505 28.690 -0.151 0.008
-0.001 10.999 -29.507 28.688 -0.159 0.020
-0.001 10.999 -28.509 28.690 -0.176 0.016
-0.001 10.999 -27.511 28.681 -0.177 0.018
-0.001 10.999 -26.513 28.689 -0.171 0.038
-0.001 10.999 -25.514 28.681 -0.167 0.034
-0.001 10.999 -24.516 28.684 -0.152 0.030
-0.001 10.999 -23.518 28.677 -0.155 0.043
-0.001 10.999 -22.520 28.679 -0.144 0.030
-0.001 10.999 -21.522 28.695 -0.148 0.044
-0.001 10.999 -20.524 28.677 -0.143 0.055
-0.001 10.999 -19.525 28.697 -0.143 0.040
-0.001 10.999 -18.527 28.678 -0.142 0.037
-0.001 10.999 -17.529 28.666 -0.144 0.006
-0.001 10.999 -16.531 28.672 -0.140 0.014
-0.001 10.999 -15.533 28.697 -0.135 0.013
-0.001 10.999 -14.534 28.699 -0.145 0.020
-0.001 10.999 -13.536 28.684 -0.164 0.038
-0.001 10.999 -12.538 28.705 -0.167 0.024
-0.001 10.999 -11.540 28.707 -0.141 0.041
-0.001 10.999 -10.542 28.699 -0.125 0.037
-0.001 10.999 -9.544 28.689 -0.118 0.025
-0.001 10.999 -8.545 28.688 -0.128 0.011
-0.001 10.999 -7.547 28.696 -0.137 0.002
-0.001 11.000 -6.549 28.712 -0.137 0.016
-0.001 11.000 -5.551 28.713 -0.148 0.036
-0.001 11.000 -4.553 28.714 -0.141 0.026
-0.001 11.000 -3.554 28.711 -0.151 0.047
-0.001 11.000 -2.556 28.719 -0.157 0.021
-0.001 11.000 -1.558 28.710 -0.141 0.014
-0.001 11.000 -0.560 28.706 -0.156 0.032
-0.001 11.000 0.438 28.718 -0.158 0.028
-0.001 11.000 1.436 28.721 -0.159 -0.000
-0.001 11.000 2.435 28.724 -0.150 0.010
-0.001 11.000 3.433 28.735 -0.158 0.012
-0.001 11.000 4.431 28.718 -0.147 0.012
-0.001 11.000 5.429 28.731 -0.148 -0.004
-0.001 11.000 6.427 28.724 -0.161 0.020
-0.001 11.000 7.426 28.719 -0.145 0.013
-0.001 11.000 8.424 28.726 -0.161 0.026
-0.001 11.000 9.422 28.734 -0.167 0.034
-0.001 11.000 10.420 28.731 -0.139 0.020
-0.001 11.000 11.418 28.745 -0.147 0.021
-0.001 11.000 12.416 28.735 -0.152 0.037
-0.001 11.000 13.415 28.731 -0.135 0.023
-0.001 11.000 14.413 28.726 -0.153 0.041
-0.001 11.000 15.411 28.724 -0.161 0.033
-0.001 11.000 16.409 28.716 -0.157 0.031
-0.001 11.000 17.407 28.725 -0.160 0.023
-0.001 11.000 18.406 28.709 -0.162 0.024
-0.001 11.000 19.404 28.714 -0.161 0.002
-0.001 11.000 20.402 28.702 -0.147 0.030
-0.001 11.000 21.400 28.719 -0.154 0.026
-0.001 11.000 22.398 28.719 -0.139 0.024
-0.001 11.000 23.397 28.706 -0.154 0.028
-0.001 11.000 24.395 28.717 -0.142 0.021
-0.001 11.000 25.393 28.724 -0.142 0.015
-0.001 11.000 26.391 28.725 -0.147 0.027
-0.001 11.000 27.389 28.728 -0.153 0.030
-0.001 11.000 28.387 28.726 -0.142 0.033
-0.001 11.000 29.386 28.723 -0.152 0.037
-0.001 11.000 30.384 28.720 -0.167 0.030
-0.001 11.000 31.382 28.710 -0.159 0.021
-0.001 11.000 32.380 28.727 -0.140 0.032
-0.001 11.000 33.378 28.743 -0.124 0.056
-0.001 11.000 34.377 28.735 -0.149 0.035
-0.001 11.000 35.375 28.725 -0.146 0.041
-0.001 11.000 36.373 28.739 -0.156 0.045
-0.001 11.000 37.371 28.722 -0.160 0.042
-0.001 11.000 38.369 28.713 -0.137 0.033
-0.001 11.000 39.367 28.711 -0.144 0.039
-0.001 11.000 40.366 28.705 -0.135 0.023
-0.001 11.000 41.364 28.704 -0.147 0.047
-0.001 11.000 42.362 28.714 -0.153 0.040
-0.001 11.000 43.360 28.736 -0.149 0.038
-0.001 11.000 44.358 28.722 -0.153 0.024
-0.001 11.000 45.357 28.709 -0.141 0.032
-0.001 11.000 46.355 28.720 -0.160 0.021
-0.001 11.000 47.353 28.703 -0.136 0.025
-0.001 11.000 48.351 28.709 -0.151 0.035
-0.001 11.000 49.349 28.708 -0.143 0.043
-0.001 11.000 50.347 28.690 -0.150 0.016
-0.001 11.000 51.346 28.694 -0.146 0.039
-0.001 11.000 52.344 28.710 -0.143 0.034
-0.001 11.000 53.342 28.721 -0.133 0.024
-0.001 11.000 54.340 28.710 -0.124 0.054
-0.001 11.000 55.338 28.709 -0.129 0.034
-0.001 11.000 56.337 28.695 -0.138 0.029
-0.001 11.000 57.335 28.710 -0.138 0.051
-0.000 11.000 58.333 28.686 -0.124 0.037
-0.000 11.000 59.331 28.678 -0.131 0.020
-0.000 11.000 60.329 28.675 -0.137 0.020
-0.000 11.000 61.327 28.679 -0.116 0.019
-0.000 11.000 62.326 28.677 -0.127 0.028
-0.000 11.000 63.324 28.644 -0.109 0.049
-0.000 11.000 64.322 28.625 -0.112 0.055
-0.000 11.000 65.320 28.573 -0.110 0.048
-0.000 11.000 66.318 28.518 -0.110 0.037
-0.000 11.000 67.317 28.475 -0.109 0.036
-0.000 11.000 68.315 28.393 -0.136 0.025
-0.000 11.000 69.313 28.293 -0.117 0.013
-0.000 11.000 70.311 28.122 -0.101 0.012
-0.000 11.000 71.309 27.944 -0.096 0.014
-0.000 11.000 72.307 27.717 -0.103 0.006
-0.000 11.000 73.306 27.417 -0.095 0.007
-0.000 11.000 74.304 27.013 -0.092 -0.028
-0.000 11.000 75.302 26.531 -0.079 -0.042
-0.000 11.000 76.300 25.932 -0.082 -0.049
-0.000 11.000 77.298 25.230 -0.070 -0.078
-0.000 11.000 78.297 24.386 -0.057 -0.100
-0.000 11.000 79.295 23.414 -0.038 -0.136
-0.000 11.000 80.293 22.355 -0.051 -0.145
-0.000 11.000 81.291 21.169 -0.033 -0.145
-0.000 11.000 82.289 19.945 -0.050 -0.149
-0.000 11.001 83.288 18.670 -0.026 -0.145
-0.000 11.001 84.286 17.384 -0.051 -0.172
-0.000 11.001 85.284 16.120 -0.046 -0.163
-0.000 11.001 86.282 14.899 -0.026 -0.159
-0.000 11.001 87.280 13.708 -0.023 -0.149
-0.000 11.001 88.278 12.610 -0.021 -0.136
-0.000 11.001 89.277 11.588 -0.015 -0.156
-0.000 11.001 90.275 10.652 -0.012 -0.133
-0.000 11.001 91.273 9.768 -0.010 -0.130
-0.000 11.001 92.271 8.956 -0.001 -0.114
-0.000 11.001 93.269 8.225 0.017 -0.107
-0.000 11.001 94.268 7.574 0.025 -0.107
-0.000 11.001 95.266 6.975 0.001 -0.115
-0.000 11.001 96.264 6.424 0.032 -0.093
-0.000 11.001 97.262 5.922 0.030 -0.109
-0.000 11.001 98.260 5.458 0.018 -0.090
-0.000 11.001 99.258 5.050 0.026 -0.085
-0.000 11.001 100.257 4.663 0.014 -0.069
-0.000 11.001 101.255 4.325 0.004 -0.090
-0.000 11.001 102.253 3.987 0.018 -0.082
-0.000 11.001 103.251 3.706 0.024 -0.074
-0.000 11.001 104.249 3.434 0.025 -0.075
-0.000 11.001 105.248 3.191 -0.002 -0.073
-0.000 11.001 106.246 2.975 -0.004 -0.085
-0.000 11.001 107.244 2.761 0.003 -0.085
-0.000 11.001 108.242 2.572 0.002 -0.069
-0.000 11.001 109.240 2.386 0.010 -0.059
-0.000 11.001 110.238 2.208 0.016 -0.078
-0.000 11.001 111.237 2.060 0.020 -0.083
-0.000 11.001 112.235 1.935 0.007 -0.072
-0.000 11.001 113.233 1.790 0.018 -0.084
-0.000 11.001 114.231 1.660 0.029 -0.078
-0.000 11.001 115.229 1.564 0.021 -0.078
-0.000 11.001 116.228 1.473 0.015 -0.049
-0.000 11.001 117.226 1.367 0.004 -0.081
-0.000 11.001 118.224 1.284 0.005 -0.068
-0.000 11.001 119.222 1.226 -0.015 -0.044
-0.000 11.001 120.220 1.131 -0.011 -0.047
-0.000 11.001 121.218 1.081 -0.002 -0.038
-0.000 11.001 122.217 1.007 0.015 -0.048
-0.000 11.001 123.215 0.921 0.056 -0.064
-0.000 11.001 124.213 0.871 0.036 -0.053
-0.000 11.001 125.211 0.817 0.041 -0.063
-0.000 11.001 126.209 0.779 0.039 -0.080
-0.000 11.001 127.208 0.717 0.056 -0.049
-0.000 11.001 128.206 0.677 0.053 -0.055
-0.000 11.001 129.204 0.660 0.047 -0.049
-0.000 11.001 130.202 0.591 0.016 -0.035
-0.000 11.001 131.200 0.559 0.018 -0.059
-0.000 11.001 132.198 0.533 0.035 -0.056
-0.000 11.001 133.197 0.534 0.012 -0.046
-0.000 11.001 134.195 0.485 0.031 -0.037
-0.000 11.001 135.193 0.456 0.029 -0.038
-0.000 11.001 136.191 0.422 0.044 -0.056
-0.000 11.001 137.189 0.421 0.025 -0.063
-0.000 11.001 138.188 0.401 0.014 -0.063
0.000 11.001 139.186 0.353 0.025 -0.042
0.000 11.001 140.184 0.335 0.038 -0.051
0.000 11.001 141.182 0.339 0.018 -0.038
