-0.001 -11.002 -143.312 -0.443 -0.015 -0.002
-0.001 -11.002 -142.314 -0.454 -0.028 -0.013
-0.001 -11.002 -141.316 -0.505 -0.021 -0.026
-0.001 -11.002 -140.318 -0.528 -0.006 -0.014
-0.001 -11.002 -139.320 -0.570 -0.014 0.025
-0.001 -11.002 -138.322 -0.598 -0.011 -0.002
-0.001 -11.002 -137.323 -0.645 -0.014 -0.005
-0.001 -11.002 -136.325 -0.654 -0.010 0.007
-0.001 -11.002 -135.327 -0.716 -0.020 0.006
-0.001 -11.002 -134.329 -0.760 -0.003 0.033
-0.001 -11.002 -133.331 -0.795 -0.004 0.017
-0.001 -11.002 -132.332 -0.852 0.012 -0.003
-0.001 -11.002 -131.334 -0.915 0.033 -0.015
-0.001 -11.002 -130.336 -0.968 0.039 -0.027
-0.001 -11.002 -129.338 -1.026 0.031 0.013
-0.001 -11.002 -128.340 -1.095 0.033 0.020
-0.001 -11.002 -127.341 -1.185 0.023 0.017
-0.001 -11.002 -126.343 -1.269 0.021 -0.009
-0.001 -11.002 -125.345 -1.331 0.025 -0.001
-0.001 -11.002 -124.347 -1.436 0.021 0.005
-0.001 -11.002 -123.349 -1.521 0.042 0.001
-0.001 -11.002 -122.351 -1.640 0.045 -0.017
-0.001 -11.002 -121.352 -1.765 0.043 0.007
-0.001 -11.002 -120.354 -1.875 0.029 0.004
-0.001 -11.002 -119.356 -2.024 0.041 0.017
-0.001 -11.002 -118.358 -2.158 0.049 0.008
-0.001 -11.002 -117.360 -2.343 0.056 0.004
-0.001 -11.002 -116.361 -2.524 0.056 -0.001
-0.001 -11.002 -115.363 -2.713 0.066 -0.020
-0.001 -11.002 -114.365 -2.896 0.070 -0.005
-0.001 -11.002 -113.367 -3.109 0.064 0.007
-0.001 -11.002 -112.369 -3.356 0.078 -0.020
-0.001 -11.001 -111.370 -3.598 0.091 -0.034
-0.001 -11.001 -110.372 -3.888 0.094 -0.022
-0.001 -11.001 -109.374 -4.206 0.097 -0.004
-0.001 -11.001 -108.376 -4.557 0.115 -0.026
-0.001 -11.001 -107.378 -4.924 0.112 0.004
-0.001 -11.001 -106.380 -5.316 0.119 -0.032
-0.001 -11.001 -105.381 -5.785 0.143 -0.025
-0.001 -11.001 -104.383 -6.287 0.159 -0.072
-0.001 -11.001 -103.385 -6.825 0.166 -0.082
-0.001 -11.001 -102.387 -7.393 0.193 -0.054
-0.001 -11.001 -101.389 -8.057 0.181 -0.063
-0.001 -11.001 -100.390 -8.761 0.187 -0.074
-0.001 -11.001 -99.392 -9.553 0.196 -0.070
-0.001 -11.001 -98.394 -10.406 0.220 -0.084
-0.001 -11.001 -97.396 -11.344 0.232 -0.090
-0.001 -11.001 -96.398 -12.362 0.248 -0.093
-0.001 -11.001 -95.399 -13.455 0.293 -0.113
-0.001 -11.001 -94.401 -14.629 0.301 -0.119
-0.001 -11.001 -93.403 -15.855 0.368 -0.132
-0.001 -11.001 -92.405 -17.135 0.395 -0.121
-0.001 -11.001 -91.407 -18.449 0.435 -0.118
-0.001 -11.001 -90.409 -19.756 0.469 -0.128
-0.001 -11.001 -89.410 -21.035 0.491 -0.105
-0.001 -11.001 -88.412 -22.254 0.517 -0.130
-0.001 -11.001 -87.414 -23.408 0.541 -0.117
-0.001 -11.001 -86.416 -24.426 0.565 -0.126
-0.001 -11.001 -85.418 -25.348 0.603 -0.127
-0.001 -11.001 -84.419 -26.107 0.626 -0.092
-0.001 -11.001 -83.421 -26.744 0.637 -0.109
-0.001 -11.001 -82.423 -27.288 0.651 -0.096
-0.001 -11.001 -81.425 -27.719 0.675 -0.103
-0.001 -11.001 -80.427 -28.037 0.670 -0.086
-0.001 -11.001 -79.428 -28.335 0.681 -0.072
-0.001 -11.001 -78.430 -28.516 0.676 -0.063
-0.001 -11.001 -77.432 -28.666 0.659 -0.052
-0.001 -11.001 -76.434 -28.798 0.683 -0.069
-0.001 -11.001 -75.436 -28.895 0.695 -0.040
-0.001 -11.001 -74.438 -28.971 0.694 -0.033
-0.001 -11.001 -73.439 -29.033 0.696 -0.039
-0.001 -11.001 -72.441 -29.040 0.683 -0.019
-0.001 -11.001 -71.443 -29.076 0.681 -0.015
-0.001 -11.001 -70.445 -29.080 0.681 -0.007
-0.001 -11.001 -69.447 -29.101 0.672 -0.031
-0.001 -11.001 -68.448 -29.141 0.668 -0.028
-0.001 -11.001 -67.450 -29.138 0.670 -0.019
-0.001 -11.001 -66.452 -29.144 0.667 -0.056
-0.001 -11.001 -65.454 -29.164 0.664 -0.039
-0.001 -11.001 -64.456 -29.169 0.666 -0.016
-0.001 -11.001 -63.457 -29.182 0.671 -0.033
-0.001 -11.001 -62.459 -29.164 0.658 -0.020
-0.001 -11.001 -61.461 -29.169 0.656 -0.027
-0.001 -11.001 -60.463 -29.175 0.673 -0.008
-0.001 -11.001 -59.465 -29.151 0.672 -0.038
-0.001 -11.001 -58.467 -29.171 0.672 -0.032
-0.001 -11.001 -57.468 -29.169 0.682 -0.024
-0.001 -11.001 -56.470 -29.161 0.693 -0.022
-0.001 -11.001 -55.472 -29.167 0.684 -0.023
-0.001 -11.001 -54.474 -29.166 0.666 -0.026
-0.001 -11.001 -53.476 -29.185 0.684 -0.046
-0.001 -11.001 -52.477 -29.174 0.691 -0.036
-0.001 -11.001 -51.479 -29.166 0.683 -0.057
-0.001 -11.001 -50.481 -29.182 0.688 -0.045
-0.001 -11.001 -49.483 -29.190 0.671 -0.059
-0.001 -11.001 -48.485 -29.176 0.678 -0.064
-0.001 -11.001 -47.486 -29.176 0.674 -0.060
-0.001 -11.001 -46.488 -29.172 0.679 -0.040
-0.001 -11.001 -45.490 -29.173 0.673 -0.027
-0.001 -11.001 -44.492 -29.163 0.686 -0.028
-0.001 -11.001 -43.494 -29.165 0.663 -0.019
-0.001 -11.001 -42.496 -29.173 0.682 -0.018
-0.001 -11.001 -41.497 -29.168 0.671 -0.024
-0.001 -11.001 -40.499 -29.164 0.693 -0.032
-0.001 -11.001 -39.501 -29.169 0.696 -0.023
-0.001 -11.001 -38.503 -29.186 0.697 -0.023
-0.001 -11.001 -37.505 -29.165 0.692 -0.022
-0.001 -11.001 -36.506 -29.156 0.693 -0.020
-0.001 -11.001 -35.508 -29.158 0.692 -0.021
-0.001 -11.001 -34.510 -29.179 0.706 -0.034
-0.001 -11.001 -33.512 -29.174 0.689 -0.047
-0.001 -11.001 -32.514 -29.179 0.698 -0.061
-0.001 -11.001 -31.515 -29.167 0.714 -0.051
-0.001 -11.001 -30.517 -29.162 0.696 -0.015
-0.001 -11.001 -29.519 -29.170 0.704 -0.034
-0.001 -11.001 -28.521 -29.182 0.695 -0.054
-0.001 -11.001 -27.523 -29.190 0.696 -0.069
-0.001 -11.001 -26.525 -29.183 0.701 -0.050
-0.001 -11.001 -25.526 -29.159 0.696 -0.051
-0.001 -11.001 -24.528 -29.173 0.699 -0.021
-0.001 -11.001 -23.530 -29.159 0.673 -0.018
-0.001 -11.000 -22.532 -29.166 0.686 -0.038
-0.001 -11.000 -21.534 -29.155 0.683 -0.027
-0.001 -11.000 -20.535 -29.169 0.678 -0.035
-0.001 -11.000 -19.537 -29.173 0.693 -0.033
-0.001 -11.000 -18.539 -29.158 0.694 -0.053
-0.001 -11.000 -17.541 -29.153 0.697 -0.029
-0.000 -11.000 -16.543 -29.181 0.717 -0.045
-0.000 -11.000 -15.544 -29.175 0.717 -0.049
-0.000 -11.000 -14.546 -29.165 0.719 -0.069
-0.000 -11.000 -13.548 -29.172 0.708 -0.027
-0.000 -11.000 -12.550 -29.184 0.718 -0.037
-0.000 -11.000 -11.552 -29.195 0.725 -0.029
-0.000 -11.000 -10.553 -29.160 0.717 -0.041
-0.000 -11.000 -9.555 -29.165 0.727 -0.050
-0.000 -11.000 -8.557 -29.187 0.733 -0.037
-0.000 -11.000 -7.559 -29.185 0.726 -0.036
-0.000 -11.000 -6.561 -29.184 0.715 -0.043
-0.000 -11.000 -5.563 -29.183 0.726 -0.044
-0.000 -11.000 -4.564 -29.168 0.728 -0.037
-0.000 -11.000 -3.566 -29.166 0.737 -0.053
-0.000 -11.000 -2.568 -29.176 0.724 -0.080
-0.000 -11.000 -1.570 -29.175 0.703 -0.052
-0.000 -11.000 -0.572 -29.159 0.737 -0.046
-0.000 -11.000 0.427 -29.172 0.743 -0.038
-0.000 -11.000 1.425 -29.160 0.729 -0.056
-0.000 -11.000 2.423 -29.166 0.728 -0.040
-0.000 -11.000 3.421 -29.150 0.741 -0.038
-0.000 -11.000 4.419 -29.162 0.746 -0.029
-0.000 -11.000 5.418 -29.149 0.733 -0.057
-0.000 -11.000 6.416 -29.149 0.736 -0.046
-0.000 -11.000 7.414 -29.151 0.740 -0.045
-0.000 -11.000 8.412 -29.148 0.735 -0.042
-0.000 -11.000 9.410 -29.158 0.726 -0.063
-0.000 -11.000 10.408 -29.152 0.721 -0.062
-0.000 -11.000 11.407 -29.147 0.720 -0.047
-0.000 -11.000 12.405 -29.150 0.718 -0.049
-0.000 -11.000 13.403 -29.153 0.721 -0.033
-0.000 -11.000 14.401 -29.146 0.732 -0.035
-0.000 -11.000 15.399 -29.144 0.745 -0.036
-0.000 -11.000 16.398 -29.146 0.734 -0.032
-0.000 -11.000 17.396 -29.138 0.713 -0.029
-0.000 -11.000 18.394 -29.133 0.725 -0.038
-0.000 -11.000 19.392 -29.135 0.747 -0.034
-0.000 -11.000 20.390 -29.138 0.727 -0.022
-0.000 -11.000 21.389 -29.131 0.721 -0.014
-0.000 -11.000 22.387 -29.116 0.720 -0.019
-0.000 -11.000 23.385 -29.124 0.736 -0.023
-0.000 -11.000 24.383 -29.117 0.711 -0.024
-0.000 -11.000 25.381 -29.116 0.717 -0.032
-0.000 -11.000 26.379 -29.112 0.718 -0.024
-0.000 -11.000 27.378 -29.138 0.723 -0.027
-0.000 -11.000 28.376 -29.121 0.711 -0.035
-0.000 -11.000 29.374 -29.120 0.710 -0.039
-0.000 -11.000 30.372 -29.109 0.713 -0.038
-0.000 -11.000 31.370 -29.129 0.712 -0.036
-0.000 -11.000 32.369 -29.106 0.714 -0.044
-0.000 -11.000 33.367 -29.102 0.704 -0.055
-0.000 -11.000 34.365 -29.102 0.717 -0.060
-0.000 -11.000 35.363 -29.102 0.725 -0.061
-0.000 -11.000 36.361 -29.106 0.736 -0.054
-0.000 -11.000 37.360 -29.108 0.715 -0.039
-0.000 -11.000 38.358 -29.111 0.716 -0.054
-0.000 -11.000 39.356 -29.110 0.711 -0.031
-0.000 -11.000 40.354 -29.119 0.711 -0.041
-0.000 -11.000 41.352 -29.127 0.717 -0.031
-0.000 -11.000 42.350 -29.124 0.715 -0.012
-0.000 -11.000 43.349 -29.098 0.719 -0.009
-0.000 -11.000 44.347 -29.065 0.711 -0.008
-0.000 -11.000 45.345 -29.082 0.713 -0.004
-0.000 -11.000 46.343 -29.091 0.708 -0.012
-0.000 -11.000 47.341 -29.091 0.731 -0.025
-0.000 -11.000 48.340 -29.082 0.713 -0.018
-0.000 -11.000 49.338 -29.086 0.710 -0.028
-0.000 -11.000 50.336 -29.071 0.721 -0.022
-0.000 -11.000 51.334 -29.066 0.715 -0.012
-0.000 -11.000 52.332 -29.074 0.689 -0.006
-0.000 -11.000 53.331 -29.057 0.700 -0.016
-0.000 -11.000 54.329 -29.080 0.721 -0.006
-0.000 -11.000 55.327 -29.068 0.716 -0.003
-0.000 -11.000 56.325 -29.058 0.730 -0.013
-0.000 -11.000 57.323 -29.041 0.708 -0.026
-0.000 -11.000 58.321 -29.024 0.716 -0.032
-0.000 -11.000 59.320 -29.023 0.721 -0.040
-0.000 -11.000 60.318 -29.036 0.736 -0.049
-0.000 -11.000 61.316 -29.013 0.744 -0.036
-0.000 -11.000 62.314 -29.001 0.710 -0.036
-0.000 -11.000 63.312 -28.975 0.720 -0.042
-0.000 -11.000 64.311 -28.934 0.719 -0.036
-0.000 -11.000 65.309 -28.883 0.714 -0.043
-0.000 -10.999 66.307 -28.832 0.710 -0.035
-0.000 -10.999 67.305 -28.759 0.712 -0.025
0.000 -10.999 68.303 -28.695 0.724 -0.024
0.000 -10.999 69.302 -28.549 0.718 -0.022
0.000 -10.999 70.300 -28.403 0.706 -0.042
0.000 -10.999 71.298 -28.208 0.688 -0.017
0.000 -10.999 72.296 -27.965 0.658 -0.012
0.000 -10.999 73.294 -27.665 0.674 -0.006
0.000 -10.999 74.292 -27.275 0.688 -0.011
0.000 -10.999 75.291 -26.786 0.675 0.007
0.000 -10.999 76.289 -26.169 0.620 -0.007
0.000 -10.999 77.287 -25.454 0.615 0.010
0.000 -10.999 78.285 -24.580 0.585 0.026
0.000 -10.999 79.283 -23.609 0.575 0.038
0.000 -10.999 80.282 -22.487 0.550 0.071
0.000 -10.999 81.280 -21.321 0.537 0.047
0.000 -10.999 82.278 -20.047 0.480 0.063
0.000 -10.999 83.276 -18.767 0.465 0.046
0.000 -10.999 84.274 -17.462 0.445 0.060
0.000 -10.999 85.273 -16.192 0.396 0.077
0.000 -10.999 86.271 -14.946 0.375 0.054
0.000 -10.999 87.269 -13.760 0.329 0.060
0.000 -10.999 88.267 -12.659 0.315 0.045
0.000 -10.999 89.265 -11.623 0.304 0.052
0.000 -10.999 90.263 -10.669 0.300 0.040
0.000 -10.999 91.262 -9.782 0.267 0.056
0.000 -10.999 92.260 -8.973 0.252 0.050
0.000 -10.999 93.258 -8.241 0.232 0.060
0.000 -10.999 94.256 -7.574 0.216 0.032
0.000 -10.999 95.254 -6.945 0.197 0.035
0.000 -10.999 96.253 -6.391 0.184 0.022
0.000 -10.999 97.251 -5.884 0.181 0.015
0.000 -10.999 98.249 -5.403 0.152 0.012
0.000 -10.999 99.247 -4.983 0.134 0.010
0.000 -10.999 100.245 -4.606 0.127 0.007
0.000 -10.999 101.244 -4.257 0.146 0.010
0.000 -10.999 102.242 -3.946 0.134 0.016
0.000 -10.999 103.240 -3.661 0.098 0.008
0.000 -10.999 104.238 -3.390 0.102 0.001
0.000 -10.999 105.236 -3.149 0.117 0.004
0.000 -10.999 106.234 -2.913 0.109 0.016
0.000 -10.999 107.233 -2.689 0.123 -0.008
0.000 -10.999 108.231 -2.521 0.109 -0.003
0.000 -10.999 109.229 -2.346 0.092 -0.014
0.000 -10.999 110.227 -2.191 0.088 0.012
0.000 -10.999 111.225 -2.017 0.101 0.031
0.000 -10.999 112.224 -1.901 0.109 0.030
0.000 -10.999 113.222 -1.779 0.088 0.021
0.000 -10.999 114.220 -1.653 0.076 0.018
0.000 -10.999 115.218 -1.547 0.062 0.012
0.000 -10.999 116.216 -1.446 0.068 0.011
0.000 -10.999 117.215 -1.332 0.056 0.003
0.000 -10.999 118.213 -1.254 0.065 0.002
0.000 -10.999 119.211 -1.181 0.066 0.000
0.000 -10.999 120.209 -1.118 0.067 -0.012
0.000 -10.999 121.207 -1.030 0.064 0.004
0.000 -10.999 122.205 -0.961 0.057 0.011
0.000 -10.999 123.204 -0.890 0.060 -0.008
0.000 -10.999 124.202 -0.845 0.063 -0.018
0.000 -10.999 125.200 -0.777 0.046 0.007
0.000 -10.999 126.198 -0.711 0.063 -0.000
0.000 -10.999 127.196 -0.673 0.051 -0.020
0.000 -10.999 128.195 -0.633 0.049 -0.011
0.000 -10.999 129.193 -0.594 0.051 -0.003
0.000 -10.999 130.191 -0.540 0.054 -0.012
0.000 -10.999 131.189 -0.524 0.040 -0.010
0.000 -10.999 132.187 -0.480 0.044 -0.006
0.000 -10.999 133.186 -0.468 0.059 -0.025
0.000 -10.999 134.184 -0.424 0.061 -0.001
0.000 -10.999 135.182 -0.413 0.058 0.006
0.000 -10.999 136.180 -0.377 0.061 0.011
0.000 -10.999 137.178 -0.349 0.066 -0.025
0.000 -10.999 138.176 -0.339 0.064 0.002
0.000 -10.999 139.175 -0.337 0.044 -0.015
0.000 -10.999 140.173 -0.325 0.044 -0.011
0.000 -10.999 141.171 -0.284 0.031 0.000
