-11.000172920156501 -0.00806224686675705 -0.0016011800424848843 -0.795 -28.993 -0.548
-10.004076629852307 -0.007970796103109024 -0.0036437467983887473 -0.748 -26.325 -0.504
-9.003948648135975 -0.007877596907064799 -0.003750994122924567 -0.674 -23.611 -0.441
-8.003820666419642 -0.007784397711020574 -0.0038582414475740734 -0.596 -20.973 -0.395
-7.00369268470331 -0.0076911985149763495 -0.00396548877222358 -0.555 -18.259 -0.342
-6.003548504617697 -0.008597288507644407 -0.003072156899293077 -0.503 -15.622 -0.288
-5.004436591570766 -0.0075048819530820765 -0.004163878253166331 -0.453 -12.939 -0.224
-4.00329254118526 -0.008410890115555958 -0.00328665154859209 -0.415 -10.269 -0.208
-3.0041644297689345 -0.00831777274970591 -0.0033777937048853346 -0.359 -7.616 -0.151
-2.0040364480526023 -0.008224573553661685 -0.003485041029534841 -0.296 -4.955 -0.086
-1.00390846633627 -0.00813137435761746 -0.0035922883541843476 -0.283 -2.308 -0.05
-0.0037804846200515385 -0.008038175161573236 -0.003699535678720167 -0.197 0.341 0.037
0.9963474970962807 -0.00794497596552901 -0.0038067830033696737 -0.174 2.98 0.066
1.9964916771820072 -0.008851065958197069 -0.0029134511306665445 -0.104 5.65 0.129
2.995619788598333 -0.00875794859234702 -0.003004593287073476 -0.038 8.35 0.167
3.9967475473512195 -0.007664667821927651 -0.0031286549251490214 -0.002 10.974 0.2
4.995875752030884 -0.00857155020025857 -0.003219087936372489 0.064 13.66 0.256
5.996003640483764 -0.007478351260033378 -0.0033270444063191462 0.099 16.341 0.324
6.996131715463434 -0.008385151808170122 -0.0034335825853304414 0.175 18.947 0.373
7.9962758022858225 -0.008291242056657211 -0.0025409598581518367 0.245 21.628 0.419
8.995403913702148 -0.008198124691034536 -0.002632102014672455 0.284 24.317 0.47
9.99551579031231 -0.008105636050458997 -0.003739219391036386 0.359 26.973 0.538
10.99664364232865 -0.008012355024220597 -0.0038625718839284673 0.402 29.623 0.61
