-11.000172920156501 -0.00806224686675705 -0.0016011800424848843 -0.27718787485041196 -27.974479898738135 0.0850071036830088
-10.004076629852307 -0.007970796103109024 -0.0036437467983887473 -0.2775150375672207 -25.400395225239016 0.07092926470768955
-9.003948648135975 -0.007877596907064799 -0.003750994122924567 -0.25211330602769094 -22.781405641561573 0.0746376250703888
-8.003820666419642 -0.007784397711020574 -0.0038582414475740734 -0.22123909775601933 -20.236186415719498 0.06302198482568504
-7.00369268470331 -0.0076911985149763495 -0.00396548877222358 -0.22840872292285833 -17.617488737101016 0.056954745558006545
-6.003548504617697 -0.008597288507644407 -0.003072156899293077 -0.22335651353436833 -15.073013157507175 0.05348455948994821
-5.004436591570766 -0.0075048819530820765 -0.004163878253166331 -0.22119635747315014 -12.483895210716955 0.05899848053133301
-4.00329254118526 -0.008410890115555958 -0.00328665154859209 -0.23015951029323986 -9.908678775966358 0.01702290623260611
-3.0041644297689345 -0.00831777274970591 -0.0033777937048853346 -0.22145736824359993 -7.348687839408735 0.016173776283258116
-2.0040364480526023 -0.008224573553661685 -0.003485041029534841 -0.20605080412910193 -4.780753518002206 0.023084549342040378
-1.00390846633627 -0.00813137435761746 -0.0035922883541843476 -0.2395969235984753 -2.22715509772592 0.0016840675560071457
-0.0037804846200515385 -0.008038175161573236 -0.003699535678720167 -0.2014481236109916 0.3298373341118561 0.030647648516189535
0.9963474970962807 -0.00794497596552901 -0.0038067830033696737 -0.22487317762592138 2.8755249179370437 0.002385509272315929
1.9964916771820072 -0.008851065958197069 -0.0029134511306665445 -0.20266804243488343 5.452083134457891 0.007067925076457169
2.995619788598333 -0.00875794859234702 -0.003004593287073476 -0.18466720119510496 8.056860637954742 -0.013791463501474529
3.9967475473512195 -0.007664667821927651 -0.0031286549251490214 -0.19500100671289441 10.588200030209265 -0.03781803526333038
4.995875752030884 -0.00857155020025857 -0.003219087936372489 -0.17695752941987675 13.179987826174914 -0.04043489730068843
5.996003640483764 -0.007478351260033378 -0.0033270444063191462 -0.18966307569764826 15.767286969180425 -0.030804253449071606
6.996131715463434 -0.008385151808170122 -0.0034335825853304414 -0.16024677002008889 18.281732386740096 -0.03872675811917544
7.9962758022858225 -0.008291242056657211 -0.0025409598581518367 -0.13804326755432936 20.868415711547986 -0.051225370009986636
8.995403913702148 -0.008198124691034536 -0.002632102014672455 -0.14673672718507352 23.46294796233214 -0.05873407739504972
9.99551579031231 -0.008105636050458997 -0.003739219391036386 -0.1193920077210434 26.026148735111743 -0.04879472554578399
10.99664364232865 -0.008012355024220597 -0.0038625718839284673 -0.12368008919109245 28.58366922949306 -0.034553786273939804
